Def 	$Force$
0	0.0119
0	0.0079
0	0.0259
0	0.0179
0	0.0079
0	0.0119
0	0.0039
0	0.0159
0	0.0059
0	-0.0041
0	0.0159
0	0.0199
0	0.0159
0.004	-0.0041
0.006	-0.0081
0.008	0.0019
0.008	0.0099
0.01	0.0019
0.01	-0.0001
0.014	0.0099
0.016	0.0159
0.018	0.0039
0.018	-0.0061
0.02	-0.0081
0.02	0.0059
0.024	0.0099
0.028	0.0099
0.028	-0.0001
0.03	-0.0001
0.03	-0.0001
0.034	-0.0101
0.038	-0.0221
0.038	-0.0061
0.04	-0.0001
0.044	0.0119
0.044	0.0039
0.048	-0.0101
0.048	-0.0061
0.052	0.0059
0.054	-0.0061
0.056	0.0099
0.058	0.0199
0.058	0.0199
0.062	0.0319
0.064	0.0259
0.066	0.0079
0.068	0.0059
0.068	0.0239
0.072	0.0239
0.074	0.0239
0.078	0.0339
0.078	0.0179
0.082	0.0219
0.084	0.0219
0.088	-0.0001
0.088	-0.0021
0.088	0.0219
0.092	0.0159
0.094	0.0019
0.098	0.0039
0.098	0.0039
0.102	0.0019
0.104	0.0079
0.108	-0.0001
0.108	-0.0001
0.112	0.0239
0.112	0.0259
0.116	-0.0021
0.118	0.0099
0.118	0.0079
0.122	0.0099
0.124	0.0139
0.128	0.0059
0.128	0.0079
0.132	0.0159
0.134	0.0099
0.138	-0.0061
0.138	-0.0061
0.142	0.0119
0.144	0.0119
0.148	0.0159
0.148	0.0139
0.152	0.0019
0.156	0.0099
0.158	0.0179
0.158	-0.0001
0.162	-0.0021
0.162	0.0079
0.166	0.0099
0.168	0.0159
0.168	0.0199
0.172	0.0039
0.176	0.0079
0.178	0.0199
0.178	0.0039
0.182	0.0139
0.186	0.0239
0.188	0.0239
0.188	0.0319
0.192	0.0319
0.196	0.0099
0.198	0.0099
0.198	0.0259
0.202	0.0139
0.206	0.0099
0.208	0.0239
0.208	0.0259
0.212	0.0259
0.216	0.0239
0.218	0.0019
0.218	0.0039
0.224	0.0159
0.226	0.0199
0.228	0.0179
0.228	0.0159
0.234	0.0139
0.236	0.0139
0.238	0.0099
0.242	0.0039
0.244	0.0079
0.246	0.0259
0.248	0.0279
0.252	0.0139
0.254	0.0179
0.256	0.0119
0.258	0.0079
0.258	0.0119
0.264	0.0159
0.266	0.0119
0.268	0.0219
0.268	0.0239
0.276	0.0039
0.276	0.0099
0.278	-0.0001
0.284	-0.0061
0.286	0.0119
0.286	0.0219
0.288	0.0119
0.294	0.0099
0.296	0.0119
0.296	0.0039
0.298	0.0019
0.304	0.0039
0.306	-0.0021
0.306	0.0239
0.308	0.0299
0.314	0.0119
0.316	0.0059
0.316	0.0159
0.318	0.0099
0.324	0.0099
0.326	0.0079
0.326	0.0079
0.328	0.0279
0.334	0.0319
0.336	0.0099
0.336	-0.0001
0.338	0.0179
0.344	0.0239
0.346	0.0139
0.346	0.0199
0.348	0.0259
0.354	0.0359
0.356	0.0359
0.356	0.0139
0.358	0.0059
0.364	0.0279
0.366	0.0379
0.366	0.0239
0.368	0.0219
0.376	0.0259
0.376	0.0199
0.376	0.0219
0.382	0.0159
0.386	0.0099
0.386	0.0299
0.388	0.0359
0.392	0.0199
0.396	0.0179
0.396	0.0159
0.398	0.0139
0.404	0.0179
0.406	0.0219
0.406	0.0179
0.408	0.0319
0.414	0.0359
0.416	0.0199
0.416	0.0239
0.418	0.0199
0.424	0.0179
0.426	0.0239
0.426	0.0299
0.432	0.0159
0.436	0.0179
0.436	0.0219
0.436	0.0079
0.442	0.0139
0.446	0.0099
0.446	0.0059
0.446	0.0199
0.452	0.0239
0.456	0.0199
0.456	0.0119
0.458	0.0219
0.464	0.0179
0.466	0.0199
0.466	0.0239
0.468	0.0179
0.474	0.0339
0.476	0.0379
0.478	0.0299
0.478	0.0219
0.484	0.0339
0.486	0.0359
0.488	0.0359
0.488	0.0319
0.494	0.0339
0.496	0.0339
0.498	0.0359
0.502	0.0159
0.506	0.0239
0.506	0.0399
0.508	0.0459
0.512	0.0379
0.516	0.0419
0.516	0.0359
0.518	0.0399
0.522	0.0439
0.526	0.0339
0.528	0.0419
0.528	0.0559
0.532	0.0619
0.536	0.0499
0.538	0.0519
0.538	0.0499
0.546	0.0419
0.546	0.0459
0.548	0.0439
0.552	0.0419
0.556	0.0519
0.556	0.0479
0.558	0.0519
0.562	0.0419
0.566	0.0339
0.566	0.0279
0.568	0.0399
0.572	0.0479
0.576	0.0459
0.578	0.0519
0.578	0.0459
0.582	0.0479
0.586	0.0479
0.588	0.0379
0.588	0.0339
0.594	0.0479
0.596	0.0559
0.598	0.0439
0.602	0.0359
0.606	0.0439
0.606	0.0419
0.608	0.0459
0.612	0.0359
0.616	0.0299
0.616	0.0399
0.618	0.0459
0.622	0.0359
0.626	0.0239
0.628	0.0399
0.628	0.0419
0.634	0.0419
0.636	0.0399
0.638	0.0359
0.642	0.0379
0.646	0.0419
0.646	0.0339
0.648	0.0199
0.652	0.0379
0.656	0.0499
0.656	0.0479
0.658	0.0459
0.662	0.0419
0.666	0.0359
0.666	0.0459
0.668	0.0439
0.672	0.0359
0.676	0.0479
0.678	0.0639
0.678	0.0559
0.682	0.0539
0.686	0.0419
0.688	0.0399
0.688	0.0439
0.692	0.0519
0.696	0.0439
0.698	0.0499
0.702	0.0579
0.706	0.0559
0.706	0.0519
0.708	0.0439
0.712	0.0459
0.716	0.0559
0.716	0.0679
0.718	0.0659
0.722	0.0759
0.726	0.0679
0.728	0.0619
0.732	0.0599
0.734	0.0499
0.736	0.0479
0.738	0.0579
0.742	0.0579
0.746	0.0459
0.746	0.0299
0.748	0.0299
0.752	0.0319
0.756	0.0359
0.756	0.0279
0.758	0.0299
0.762	0.0379
0.766	0.0419
0.766	0.0339
0.768	0.0259
0.772	0.0359
0.776	0.0399
0.778	0.0379
0.778	0.0499
0.784	0.0379
0.786	0.0499
0.788	0.0499
0.792	0.0419
0.796	0.0359
0.796	0.0419
0.798	0.0499
0.802	0.0499
0.806	0.0559
0.806	0.0479
0.808	0.0319
0.812	0.0419
0.816	0.0399
0.818	0.0339
0.822	0.0419
0.824	0.0519
0.826	0.0539
0.828	0.0519
0.832	0.0439
0.836	0.0359
0.836	0.0499
0.838	0.0519
0.842	0.0459
0.846	0.0459
0.846	0.0579
0.848	0.0579
0.852	0.0539
0.856	0.0399
0.856	0.0399
0.858	0.0579
0.862	0.0739
0.866	0.0639
0.866	0.0619
0.868	0.0659
0.874	0.0699
0.876	0.0679
0.878	0.0619
0.882	0.0539
0.886	0.0699
0.886	0.0659
0.888	0.0579
0.892	0.0479
0.896	0.0599
0.896	0.0559
0.898	0.0619
0.902	0.0539
0.906	0.0519
0.906	0.0579
0.908	0.0679
0.912	0.0579
0.916	0.0539
0.918	0.0559
0.922	0.0619
0.924	0.0559
0.926	0.0699
0.928	0.0599
0.932	0.0579
0.936	0.0599
0.936	0.0539
0.938	0.0419
0.942	0.0479
0.946	0.0499
0.946	0.0499
0.948	0.0579
0.954	0.0559
0.956	0.0479
0.958	0.0439
0.962	0.0479
0.964	0.0459
0.966	0.0479
0.968	0.0579
0.972	0.0559
0.974	0.0759
0.976	0.0699
0.978	0.0559
0.982	0.0599
0.986	0.0679
0.986	0.0619
0.988	0.0699
0.992	0.0759
0.996	0.0779
1.002	0.0739
1.004	0.0859
1.006	0.0879
1.012	0.0759
1.014	0.0859
1.016	0.0859
1.018	0.0859
1.022	0.0879
1.024	0.0799
1.026	0.0679
1.028	0.0779
1.032	0.0859
1.036	0.0759
1.036	0.0679
1.038	0.0619
1.044	0.0679
1.046	0.0679
1.048	0.0599
1.052	0.0619
1.054	0.0639
1.056	0.0719
1.058	0.0619
1.062	0.0559
1.064	0.0579
1.066	0.0519
1.068	0.0599
1.072	0.0639
1.076	0.0579
1.076	0.0579
1.078	0.0659
1.084	0.0639
1.086	0.0519
1.086	0.0579
1.092	0.0579
1.094	0.0659
1.096	0.0739
1.098	0.0679
1.102	0.0699
1.104	0.0759
1.106	0.0819
1.108	0.0699
1.112	0.0679
1.114	0.0819
1.116	0.0839
1.118	0.0919
1.124	0.0839
1.126	0.0799
1.126	0.0859
1.134	0.0859
1.134	0.0739
1.136	0.0719
1.138	0.0779
1.144	0.0819
1.144	0.0779
1.146	0.0759
1.148	0.0679
1.154	0.0779
1.154	0.0819
1.156	0.0699
1.158	0.0659
1.164	0.0719
1.164	0.0799
1.166	0.0819
1.17	0.0779
1.174	0.0739
1.176	0.0819
1.176	0.0879
1.18	0.0739
1.186	0.0799
1.186	0.0759
1.186	0.0819
1.194	0.0839
1.196	0.0839
1.196	0.0719
1.198	0.0819
1.204	0.0879
1.206	0.0759
1.206	0.0739
1.208	0.0739
1.214	0.0719
1.216	0.0859
1.216	0.0799
1.224	0.0799
1.226	0.0739
1.226	0.0839
1.228	0.0719
1.234	0.0759
1.236	0.0739
1.236	0.0719
1.238	0.0839
1.244	0.0879
1.246	0.0819
1.246	0.0839
1.248	0.0959
1.256	0.0899
1.256	0.0839
1.256	0.0819
1.26	0.0799
1.266	0.0919
1.266	0.0999
1.266	0.0819
1.274	0.0819
1.276	0.0919
1.276	0.0839
1.278	0.0779
1.284	0.0779
1.286	0.0779
1.286	0.0939
1.288	0.0999
1.294	0.0779
1.296	0.0719
1.296	0.0879
1.3	0.0939
1.306	0.0859
1.306	0.0899
1.306	0.0899
1.314	0.0979
1.316	0.1079
1.316	0.0939
1.318	0.0919
1.324	0.1079
1.326	0.1139
1.326	0.0999
1.33	0.1019
1.334	0.0959
1.336	0.0899
1.336	0.0999
1.34	0.0999
1.346	0.0859
1.346	0.0999
1.346	0.1039
1.354	0.0999
1.356	0.1039
1.356	0.1019
1.36	0.0999
1.364	0.1099
1.366	0.1059
1.366	0.1059
1.372	0.1179
1.374	0.1119
1.376	0.1139
1.376	0.1079
1.384	0.0999
1.384	0.1019
1.386	0.1139
1.386	0.1119
1.394	0.1079
1.394	0.1139
1.396	0.1159
1.4	0.1099
1.404	0.1179
1.406	0.1099
1.406	0.1099
1.412	0.1299
1.414	0.1259
1.416	0.1179
1.42	0.1099
1.424	0.1119
1.424	0.1179
1.43	0.1079
1.43	0.1139
1.434	0.1079
1.436	0.1039
1.44	0.1079
1.442	0.1019
1.444	0.0999
1.446	0.0999
1.45	0.1079
1.452	0.1059
1.454	0.1079
1.456	0.1059
1.46	0.0999
1.464	0.1059
1.464	0.1059
1.466	0.1039
1.47	0.1079
1.474	0.1219
1.474	0.1199
1.48	0.1179
1.48	0.1099
1.484	0.1079
1.486	0.1119
1.49	0.1239
1.492	0.1199
1.494	0.1199
1.496	0.1279
1.5	0.1199
1.502	0.1139
1.504	0.1099
1.506	0.1079
1.51	0.1199
1.514	0.1239
1.514	0.1279
1.52	0.1179
1.52	0.1239
1.524	0.1199
1.526	0.1139
1.53	0.1159
1.532	0.1099
1.534	0.1179
1.536	0.1199
1.54	0.1199
1.544	0.1179
1.544	0.1259
1.55	0.1159
1.55	0.1139
1.554	0.1279
1.558	0.1139
1.56	0.1199
1.56	0.1339
1.564	0.1259
1.568	0.1239
1.57	0.1239
1.572	0.1059
1.574	0.1179
1.58	0.1279
1.58	0.1239
1.584	0.1239
1.584	0.1199
1.59	0.1239
1.592	0.1219
1.594	0.1179
1.598	0.1099
1.6	0.1239
1.602	0.1339
1.604	0.1199
1.608	0.1219
1.61	0.1199
1.614	0.1219
1.614	0.1259
1.62	0.1179
1.622	0.1159
1.624	0.1299
1.624	0.1319
1.63	0.1199
1.632	0.1119
1.634	0.1159
1.638	0.1299
1.64	0.1299
1.642	0.1279
1.644	0.1279
1.648	0.1199
1.65	0.1259
1.652	0.1239
1.654	0.1119
1.66	0.1279
1.66	0.1299
1.664	0.1339
1.664	0.1279
1.67	0.1319
1.672	0.1179
1.674	0.1279
1.674	0.1379
1.68	0.1279
1.682	0.1379
1.684	0.1459
1.688	0.1359
1.69	0.1399
1.692	0.1339
1.694	0.1299
1.698	0.1379
1.7	0.1479
1.704	0.1379
1.704	0.1459
1.71	0.1519
1.712	0.1379
1.714	0.1399
1.718	0.1459
1.72	0.1299
1.722	0.1319
1.724	0.1399
1.728	0.1419
1.73	0.1299
1.734	0.1379
1.734	0.1319
1.738	0.1279
1.742	0.1359
1.744	0.1279
1.748	0.1419
1.75	0.1359
1.754	0.1259
1.758	0.1319
1.758	0.1339
1.76	0.1339
1.764	0.1299
1.768	0.1319
1.768	0.1359
1.772	0.1399
1.774	0.1399
1.778	0.1299
1.778	0.1319
1.784	0.1419
1.784	0.1479
1.788	0.1499
1.792	0.1439
1.794	0.1419
1.798	0.1459
1.798	0.1479
1.802	0.1439
1.804	0.1419
1.808	0.1559
1.808	0.1599
1.812	0.1559
1.814	0.1519
1.818	0.1439
1.82	0.1499
1.824	0.1559
1.824	0.1559
1.828	0.1599
1.832	0.1599
1.834	0.1599
1.834	0.1539
1.838	0.1539
1.842	0.1539
1.844	0.1519
1.848	0.1639
1.848	0.1539
1.852	0.1479
1.854	0.1499
1.858	0.1479
1.858	0.1499
1.862	0.1579
1.864	0.1519
1.868	0.1579
1.87	0.1619
1.874	0.1579
1.874	0.1519
1.878	0.1559
1.882	0.1479
1.884	0.1599
1.888	0.1619
1.888	0.1539
1.892	0.1499
1.894	0.1539
1.898	0.1499
1.9	0.1479
1.902	0.1519
1.904	0.1559
1.91	0.1639
1.91	0.1619
1.914	0.1619
1.918	0.1539
1.92	0.1599
1.922	0.1699
1.924	0.1539
1.928	0.1519
1.93	0.1479
1.932	0.1499
1.934	0.1539
1.94	0.1559
1.94	0.1479
1.944	0.1479
1.944	0.1579
1.95	0.1559
1.952	0.1459
1.954	0.1579
1.954	0.1639
1.96	0.1719
1.962	0.1679
1.964	0.1599
1.968	0.1639
1.97	0.1739
1.972	0.1659
1.974	0.1599
1.978	0.1599
1.98	0.1659
1.982	0.1719
1.984	0.1659
1.99	0.1599
1.994	0.1699
2	0.1659
2	0.1699
2.004	0.1719
2.008	0.1739
2.01	0.1659
2.012	0.1699
2.016	0.1779
2.02	0.1759
2.022	0.1679
2.024	0.1639
2.03	0.1579
2.03	0.1599
2.034	0.1619
2.034	0.1639
2.04	0.1579
2.042	0.1659
2.044	0.1659
2.044	0.1559
2.05	0.1599
2.052	0.1619
2.054	0.1639
2.058	0.1719
2.06	0.1759
2.062	0.1679
2.064	0.1679
2.07	0.1819
2.07	0.1739
2.074	0.1759
2.074	0.1739
2.08	0.1779
2.082	0.1799
2.084	0.1839
2.084	0.1719
2.09	0.1759
2.092	0.1879
2.094	0.1779
2.098	0.1739
2.1	0.1759
2.102	0.1799
2.104	0.1959
2.11	0.1899
2.11	0.1839
2.114	0.1839
2.118	0.1939
2.12	0.1959
2.122	0.1859
2.124	0.1919
2.128	0.1879
2.13	0.2019
2.132	0.1979
2.134	0.1999
2.138	0.1919
2.14	0.2019
2.142	0.2019
2.144	0.1919
2.15	0.1979
2.15	0.2059
2.152	0.2099
2.154	0.2119
2.16	0.1999
2.162	0.1919
2.164	0.1979
2.164	0.1979
2.17	0.1999
2.172	0.2019
2.174	0.2019
2.178	0.1999
2.18	0.2079
2.182	0.1979
2.184	0.1899
2.19	0.1979
2.19	0.2019
2.192	0.2019
2.194	0.2059
2.2	0.1999
2.2	0.1939
2.204	0.2039
2.208	0.1999
2.21	0.1919
2.212	0.1959
2.214	0.2039
2.218	0.1939
2.22	0.1979
2.222	0.1919
2.224	0.1899
2.23	0.1959
2.23	0.1979
2.232	0.1899
2.234	0.1899
2.24	0.2019
2.24	0.2039
2.244	0.2039
2.244	0.1979
2.25	0.2019
2.252	0.2059
2.254	0.2119
2.258	0.2079
2.26	0.2019
2.262	0.2139
2.264	0.2159
2.27	0.2099
2.27	0.2019
2.272	0.2079
2.274	0.2139
2.28	0.2099
2.28	0.2079
2.284	0.2019
2.284	0.2099
2.29	0.2119
2.292	0.1999
2.294	0.2039
2.298	0.2019
2.3	0.2159
2.302	0.2179
2.304	0.2179
2.31	0.2099
2.31	0.2219
2.312	0.2259
2.314	0.2119
2.32	0.2239
2.32	0.2179
2.324	0.2199
2.324	0.2239
2.33	0.2159
2.332	0.2139
2.334	0.2139
2.338	0.2179
2.34	0.2159
2.342	0.2259
2.344	0.2199
2.348	0.2199
2.35	0.2279
2.352	0.2279
2.354	0.2179
2.36	0.2199
2.36	0.2279
2.362	0.2339
2.364	0.2339
2.37	0.2199
2.37	0.2119
2.374	0.2199
2.378	0.2179
2.38	0.2139
2.382	0.2099
2.384	0.2199
2.39	0.2179
2.39	0.2159
2.392	0.2039
2.394	0.1979
2.4	0.2119
2.4	0.2079
2.406	0.2119
2.408	0.2139
2.41	0.2259
2.41	0.2239
2.418	0.2219
2.418	0.2119
2.42	0.2099
2.422	0.2099
2.428	0.2119
2.43	0.2079
2.43	0.2199
2.432	0.2239
2.438	0.2199
2.44	0.2179
2.44	0.2119
2.444	0.2039
2.448	0.2179
2.45	0.2259
2.452	0.2279
2.458	0.2259
2.458	0.2319
2.46	0.2219
2.462	0.2239
2.468	0.2179
2.468	0.2139
2.47	0.2239
2.472	0.2319
2.478	0.2319
2.48	0.2339
2.48	0.2339
2.482	0.2339
2.488	0.2379
2.49	0.2299
2.49	0.2239
2.498	0.2359
2.498	0.2419
2.5	0.2379
2.502	0.2359
2.508	0.2319
2.51	0.2319
2.51	0.2399
2.512	0.2339
2.518	0.2259
2.52	0.2439
2.52	0.2459
2.522	0.2359
2.528	0.2239
2.53	0.2219
2.53	0.2239
2.534	0.2379
2.538	0.2359
2.54	0.2279
2.542	0.2359
2.548	0.2319
2.548	0.2239
2.55	0.2199
2.552	0.2159
2.558	0.2279
2.56	0.2399
2.56	0.2359
2.562	0.2219
2.568	0.2239
2.57	0.2279
2.57	0.2219
2.574	0.2219
2.578	0.2319
2.58	0.2339
2.58	0.2499
2.588	0.2459
2.59	0.2339
2.59	0.2299
2.592	0.2339
2.598	0.2399
2.6	0.2379
2.6	0.2479
2.602	0.2559
2.608	0.2539
2.61	0.2579
2.61	0.2459
2.618	0.2399
2.618	0.2519
2.62	0.2579
2.622	0.2579
2.628	0.2619
2.63	0.2599
2.63	0.2539
2.632	0.2599
2.638	0.2519
2.64	0.2459
2.64	0.2619
2.642	0.2579
2.648	0.2579
2.65	0.2599
2.65	0.2559
2.652	0.2539
2.658	0.2619
2.66	0.2599
2.66	0.2559
2.664	0.2679
2.668	0.2719
2.67	0.2679
2.672	0.2679
2.678	0.2599
2.68	0.2619
2.68	0.2739
2.682	0.2719
2.688	0.2639
2.69	0.2699
2.69	0.2739
2.692	0.2539
2.698	0.2579
2.7	0.2519
2.7	0.2579
2.704	0.2699
2.708	0.2719
2.71	0.2719
2.71	0.2659
2.718	0.2679
2.72	0.2659
2.72	0.2619
2.722	0.2579
2.728	0.2639
2.73	0.2759
2.73	0.2759
2.732	0.2659
2.738	0.2639
2.74	0.2619
2.74	0.2579
2.744	0.2559
2.748	0.2459
2.75	0.2539
2.752	0.2639
2.758	0.2679
2.76	0.2599
2.76	0.2579
2.762	0.2579
2.768	0.2679
2.77	0.2659
2.77	0.2599
2.772	0.2599
2.778	0.2799
2.78	0.2859
2.78	0.2759
2.782	0.2679
2.788	0.2699
2.79	0.2699
2.79	0.2739
2.798	0.2699
2.8	0.2659
2.8	0.2739
2.802	0.2859
2.808	0.2699
2.81	0.2639
2.81	0.2819
2.812	0.2799
2.818	0.2799
2.82	0.2779
2.82	0.2719
2.822	0.2779
2.828	0.2879
2.83	0.2899
2.832	0.2819
2.834	0.2839
2.838	0.2919
2.842	0.2839
2.842	0.2719
2.844	0.2699
2.85	0.2659
2.852	0.2659
2.852	0.2799
2.858	0.2719
2.86	0.2699
2.862	0.2739
2.862	0.2739
2.868	0.2699
2.87	0.2619
2.872	0.2679
2.872	0.2839
2.88	0.2819
2.882	0.2779
2.882	0.2759
2.884	0.2759
2.892	0.2679
2.892	0.2659
2.892	0.2599
2.9	0.2639
2.902	0.2779
2.902	0.2859
2.902	0.2739
2.91	0.2739
2.912	0.2819
2.912	0.2819
2.916	0.2799
2.922	0.2779
2.922	0.2839
2.924	0.2919
2.926	0.2979
2.932	0.2899
2.932	0.2779
2.934	0.2819
2.94	0.2939
2.942	0.2979
2.944	0.2899
2.944	0.2879
2.95	0.2839
2.952	0.2899
2.954	0.2899
2.954	0.2739
2.962	0.2959
2.964	0.3059
2.964	0.2979
2.968	0.2899
2.972	0.2979
2.974	0.2879
2.974	0.2919
2.978	0.3059
2.982	0.2839
2.984	0.2999
2.984	0.3159
2.992	0.2999
2.992	0.2959
2.994	0.2959
2.994	0.2839
3.002	0.2839
3.004	0.3019
3.004	0.2979
3.008	0.3059
3.012	0.3199
3.014	0.3059
3.014	0.3019
3.022	0.3039
3.022	0.2939
3.024	0.2939
3.024	0.3239
3.032	0.3139
3.034	0.3039
3.034	0.3099
3.034	0.2999
3.042	0.3039
3.044	0.3039
3.044	0.2979
3.046	0.3079
3.052	0.3299
3.054	0.3219
3.054	0.2979
3.058	0.3019
3.062	0.3059
3.064	0.3119
3.064	0.3119
3.072	0.3019
3.072	0.3119
3.074	0.3239
3.074	0.3119
3.082	0.2839
3.082	0.2939
3.086	0.3139
3.086	0.3139
3.092	0.3199
3.094	0.3019
3.096	0.3079
3.102	0.3219
3.102	0.3119
3.104	0.3039
3.106	0.3119
3.112	0.3359
3.114	0.3299
3.114	0.3279
3.116	0.3219
3.122	0.3239
3.124	0.3379
3.124	0.3359
3.128	0.3279
3.132	0.3319
3.134	0.3399
3.136	0.3299
3.138	0.3259
3.142	0.3279
3.144	0.3159
3.148	0.3219
3.152	0.3279
3.154	0.3199
3.154	0.3279
3.158	0.3339
3.162	0.3179
3.164	0.3259
3.164	0.3239
3.168	0.3119
3.174	0.3239
3.174	0.3339
3.174	0.3179
3.178	0.3199
3.184	0.3219
3.184	0.3159
3.188	0.3239
3.192	0.3239
3.194	0.3219
3.194	0.3319
3.198	0.3379
3.202	0.3239
3.204	0.3239
3.204	0.3259
3.208	0.3239
3.214	0.3279
3.214	0.3279
3.218	0.3179
3.218	0.3259
3.224	0.3339
3.224	0.3199
3.228	0.3179
3.228	0.3159
3.234	0.3239
3.234	0.3259
3.238	0.3259
3.242	0.3239
3.244	0.3319
3.244	0.3379
3.248	0.3259
3.254	0.3159
3.254	0.3259
3.254	0.3339
3.258	0.3379
3.264	0.3439
3.264	0.3379
3.268	0.3379
3.272	0.3519
3.274	0.3379
3.274	0.3339
3.278	0.3379
3.282	0.3459
3.284	0.3479
3.284	0.3499
3.288	0.3459
3.294	0.3339
3.294	0.3479
3.296	0.3399
3.302	0.3279
3.304	0.3359
3.304	0.3499
3.308	0.3499
3.312	0.3539
3.314	0.3519
3.316	0.3359
3.318	0.3399
3.322	0.3499
3.324	0.3439
3.326	0.3519
3.328	0.3559
3.334	0.3579
3.336	0.3559
3.336	0.3519
3.338	0.3359
3.344	0.3419
3.346	0.3639
3.348	0.3579
3.348	0.3419
3.356	0.3479
3.356	0.3359
3.358	0.3359
3.362	0.3419
3.366	0.3299
3.366	0.3319
3.368	0.3539
3.372	0.3459
3.376	0.3259
3.376	0.3379
3.378	0.3299
3.384	0.3359
3.386	0.3519
3.388	0.3419
3.392	0.3419
3.396	0.3579
3.396	0.3519
3.398	0.3339
3.402	0.3319
3.406	0.3259
3.406	0.3299
3.408	0.3599
3.414	0.3519
3.416	0.3379
3.416	0.3519
3.418	0.3479
3.426	0.3359
3.426	0.3399
3.428	0.3539
3.428	0.3619
3.436	0.3859
3.436	0.3759
3.438	0.3579
3.442	0.3639
3.446	0.3699
3.446	0.3659
3.448	0.3679
3.454	0.3779
3.456	0.3779
3.456	0.3819
3.458	0.3719
3.464	0.3539
3.466	0.3579
3.468	0.3759
3.468	0.3679
3.476	0.3659
3.476	0.3699
3.478	0.3719
3.482	0.3699
3.486	0.3739
3.486	0.3559
3.488	0.3679
3.492	0.3819
3.496	0.3779
3.496	0.3719
3.498	0.3739
3.504	0.3699
3.506	0.3699
3.506	0.3699
3.508	0.3659
3.516	0.3659
3.516	0.3839
3.518	0.3819
3.518	0.3679
3.526	0.3799
3.526	0.3679
3.528	0.3719
3.532	0.3799
3.536	0.3739
3.536	0.3719
3.538	0.3879
3.542	0.3879
3.546	0.3699
3.546	0.3759
3.548	0.3639
3.554	0.3679
3.556	0.3859
3.558	0.3799
3.558	0.3719
3.566	0.3819
3.566	0.3859
3.568	0.3679
3.572	0.3679
3.576	0.3699
3.576	0.3719
3.578	0.3919
3.584	0.3899
3.586	0.3759
3.588	0.3799
3.588	0.3859
3.594	0.3859
3.596	0.3779
3.598	0.3899
3.598	0.3839
3.606	0.3999
3.606	0.3939
3.608	0.3799
3.612	0.3839
3.616	0.3999
3.616	0.3999
3.618	0.3959
3.624	0.3979
3.626	0.3979
3.628	0.4039
3.628	0.4119
3.636	0.3919
3.636	0.3959
3.638	0.4119
3.64	0.4079
3.646	0.4019
3.646	0.4039
3.648	0.3979
3.654	0.4079
3.656	0.4119
3.656	0.3899
3.658	0.3979
3.664	0.4179
3.666	0.4099
3.666	0.4059
3.668	0.4139
3.676	0.4039
3.676	0.4019
3.678	0.4139
3.68	0.4059
3.686	0.4059
3.686	0.4299
3.688	0.4159
3.694	0.4119
3.696	0.4079
3.696	0.3939
3.698	0.3839
3.706	0.4039
3.706	0.3899
3.708	0.3879
3.708	0.4019
3.716	0.3979
3.716	0.3899
3.718	0.3959
3.72	0.3839
3.726	0.3919
3.726	0.4139
3.728	0.4119
3.734	0.3939
3.736	0.4079
3.736	0.4119
3.738	0.4059
3.746	0.4039
3.746	0.3959
3.746	0.4059
3.748	0.4179
3.756	0.4179
3.756	0.3999
3.758	0.4059
3.76	0.4239
3.766	0.4159
3.766	0.4139
3.768	0.4139
3.77	0.4199
3.776	0.4279
3.778	0.4219
3.778	0.4079
3.784	0.4099
